% Datos reales FRED, bloque externo QPM, centrados en su media muestral
% Muestra: 2001-10-01 a 2026-01-01 (98 trimestres)
% Medias removidas (para referencia, NO usar en el modelo):
%   mean(L_GDP_RW_GAP) = 1.864673
%   mean(RS_RW)        = 1.776224
%   mean(D4L_CPI_RW)   = 2.490910
%
% VERSION ROBUSTA: L_GDP_RW_GAP en 2020Q2 (indice 75, valor original
% -8.545751) se reemplaza por NaN. Dynare trata esto como observacion
% faltante en el filtro de Kalman (la marginaliza, no la imputa ni la
% interpola). Se dejo intacto el resto de la muestra, incluyendo 2020Q3
% (-1.243094) y el cluster 2008Q4-2009Q3, por no ser outliers de magnitud
% comparable dentro de sus respectivas series. RS_RW y D4L_CPI_RW no se
% tocaron: sus caidas en 2020Q2 (-1.716224 y -2.082339) estan dentro del
% rango de variabilidad normal de cada serie.

L_GDP_RW_GAP = [-1.226419; -0.831301; -0.508969; -0.429763; -0.573748; -0.422702; 0.052412; 1.038953; 1.420056; 1.245652; 1.25802; 1.375242; 1.451941; 1.544607; 1.074221; 1.001774; 0.777555; 1.23935; 0.687344; 0.126047; 0.290592; 0.000102; 0.004316; -0.001197; 0.036152; -0.759936; -0.57659; -1.428989; -3.584446; -4.487707; -4.329827; -3.614584; -2.23091; -1.552895; -0.441435; 0.313371; 0.481652; -0.224275; -0.125051; -0.675835; -0.092722; 0.164724; 0.097116; -0.193883; -0.462212; -0.016791; -0.234939; 0.018661; 0.323539; -0.437642; 0.32566; 0.880441; 0.683005; 0.888223; 0.770705; 0.491182; 0.081978; -0.049131; -0.317107; -0.136159; -0.115368; -0.110293; -0.025217; 0.23873; 0.720935; 0.863482; 0.69923; 0.637957; 0.147871; 0.121535; 0.270329; 0.703432; 0.708037; -1.025087; NaN; -1.243094; -0.412247; 0.582152; 1.770971; 2.13658; 3.254018; 2.281388; 0.675214; 0.476476; 0.30121; 0.242433; 0.22103; 0.680053; 0.940175; 0.511327; 0.663782; 0.743281; 0.488837; -0.276589; 0.02273; 0.460642; 0.038263; -0.025883];

RS_RW = [0.353776; -0.046224; -0.026224; -0.036224; -0.336224; -0.526224; -0.526224; -0.756224; -0.776224; -0.776224; -0.766224; -0.346224; 0.173776; 0.693776; 1.163776; 1.683776; 2.203776; 2.683776; 3.133776; 3.473776; 3.473776; 3.483776; 3.473776; 3.293776; 2.723776; 1.403776; 0.313776; 0.163776; -1.266224; -1.596224; -1.596224; -1.616224; -1.656224; -1.646224; -1.586224; -1.586224; -1.586224; -1.616224; -1.686224; -1.696224; -1.706224; -1.676224; -1.626224; -1.636224; -1.616224; -1.636224; -1.656224; -1.696224; -1.686224; -1.706224; -1.686224; -1.686224; -1.676224; -1.666224; -1.656224; -1.636224; -1.616224; -1.416224; -1.406224; -1.376224; -1.326224; -1.076224; -0.826224; -0.626224; -0.576224; -0.326224; -0.036224; 0.143776; 0.443776; 0.623776; 0.623776; 0.413776; -0.136224; -0.516224; -1.716224; -1.686224; -1.686224; -1.696224; -1.706224; -1.686224; -1.696224; -1.656224; -1.006224; 0.413776; 1.873776; 2.743776; 3.213776; 3.483776; 3.553776; 3.553776; 3.553776; 3.483776; 2.873776; 2.553776; 2.553776; 2.513776; 2.123776; 1.863776];

D4L_CPI_RW = [-0.633198; -1.266487; -1.181862; -0.926921; -0.262406; 0.442062; -0.504824; -0.298237; -0.509027; -0.689566; 0.256856; 0.149157; 0.838189; 0.499285; 0.390122; 1.257517; 1.117693; 1.13347; 1.358309; 0.794799; -0.544576; -0.08852; 0.139311; -0.169264; 1.461419; 1.562996; 1.729353; 2.628295; -0.907709; -2.675317; -3.437671; -4.110918; -1.014367; -0.165744; -0.731364; -1.295359; -1.268627; -0.365292; 0.800437; 1.157964; 0.798951; 0.298977; -0.620444; -0.820234; -0.605231; -0.76582; -1.086101; -0.997169; -1.290549; -1.070986; -0.432051; -0.71593; -1.33391; -2.603867; -2.453766; -2.332285; -2.091099; -1.504102; -1.387133; -1.340545; -0.699925; 0.063597; -0.617833; -0.564505; -0.405309; -0.267204; 0.160422; 0.084422; -0.3014; -0.874032; -0.685064; -0.756634; -0.463027; -0.369801; -2.082339; -1.274931; -1.256165; -0.606286; 2.181059; 2.625495; 4.060872; 5.227884; 5.745393; 5.475178; 4.361087; 3.080569; 1.473622; 1.013028; 0.691297; 0.701936; 0.650736; 0.132; 0.195944; 0.196736; -0.059681; 0.369225; 0.29965; 0.177298];
